สำนักงานเศรษฐกิจการเกษตร | สินค้าเกษตรข้าวนาปี				
ผลผลิตข้าวนาปีแยกตามจังหวัด ปี 2559				
จังหวัด	ผลผลิต(ตัน)	สัดส่วน	เนื้อที่เก็บเกี่ยว(ไร่)	ผลผลิตต่อเนื้อที่เก็บเกี่ยว(กก.)
อุบลราชธานี	1,264,065	5%	3,779,984	334.41
นครราชสีมา	1,161,219	5%	3,264,322	355.73
สุรินทร์	1,137,952	5%	2,973,883	382.65
ร้อยเอ็ด	1,115,943	4%	2,919,435	382.25
นครสวรรค์	1,104,562	4%	1,943,545	568.32
ศรีสะเกษ	1,056,294	4%	2,906,182	363.46
บุรีรัมย์	1,016,607	4%	2,651,795	383.37
พิจิตร	919,785	4%	1,528,246	601.86
สุพรรณบุรี	871,495	3%	1,197,904	727.52
ขอนแก่น	776,938	3%	2,260,675	343.68
พิษณุโลก	747,444	3%	1,254,339	595.89
สกลนคร	735,173	3%	2,054,261	357.88
มหาสารคาม	721,897	3%	1,964,714	367.43
กำแพงเพชร	705,914	3%	1,175,146	600.70
เชียงราย	668,575	3%	1,170,628	571.13
อุดรธานี	639,221	3%	1,686,993	378.91
เพชรบูรณ์	582,938	2%	1,054,113	553.01
สุโขทัย	534,346	2%	952,449	561.02
กาฬสินธุ์	529,582	2%	1,426,292	371.30
ชัยภูมิ	522,761	2%	1,452,069	360.01
ชัยนาท	484,306	2%	731,616	661.97
นครพนม	483,695	2%	1,311,896	368.70
อยุธยา	455,831	2%	707,958	643.87
ยโสธร	442,148	2%	1,238,014	357.14
ฉะเชิงเทรา	389,587	2%	610,515	638.13
ลพบุรี	382,006	2%	691,254	552.63
อุตรดิตถ์	322,086	1%	536,950	599.84
อำนาจเจริญ	313,858	1%	913,858	343.44
อุทัยธานี	288,128	1%	454,155	634.43
พะเยา	275,846	1%	590,064	467.48
เชียงใหม่	269,825	1%	435,248	619.93
นครปฐม	232,976	1%	320,525	726.86
กาญจนบุรี	229,006	1%	373,948	612.40
ปทุมธานี	218,054	1%	309,279	705.04
ลำปาง	217,980	1%	418,460	520.91
หนองบัวลำภู	217,221	1%	643,468	337.58
สระบุรี	208,129	1%	323,753	642.86
อ่างทอง	206,364	1%	313,488	658.28
นครนายก	200,408	1%	353,140	567.50
เพชรบุรี	197,733	1%	284,861	694.14
สระแก้ว	193,868	1%	612,690	316.42
สิงห์บุรี	191,711	1%	279,882	684.97
หนองคาย	187,337	1%	509,567	367.64
มุกดาหาร	183,451	1%	477,101	384.51
ราชบุรี	170,125	1%	252,439	673.93
ปราจีนบุรี	166,357	1%	387,253	429.58
แพร่	157,287	1%	282,323	557.12
บึงกาฬ	151,434	1%	483,011	313.52
เลย	143,547	1%	368,520	389.52
น่าน	114,372	0%	221,484	516.39
ตาก	90,979	0%	216,387	420.45
นครศรีธรรมราช	87,944	0%	187,584	468.82
สงขลา	82,898	0%	155,534	532.99
ลำพูน	70,955	0%	115,305	615.37
แม่ฮ่องสอน	66,512	0%	158,960	418.42
นนทบุรี	59,791	0%	87,073	686.68
กรุงเทพมหานคร	58,231	0%	88,069	661.20
พัทลุง	51,563	0%	116,912	441.04
ปัตตานี	37,600	0%	96,593	389.26
ชลบุรี	34,492	0%	70,452	489.58
นราธิวาส	17,428	0%	46,575	374.19
สมุทรปราการ	14,288	0%	18,659	765.74
สตูล	8,957	0%	21,563	415.39
ระยอง	7,138	0%	15,505	460.37
ตราด	6,435	0%	15,735	408.96
ยะลา	6,082	0%	18,342	331.59
จันทบุรี	5,976	0%	16,557	360.93
ตรัง	4,986	0%	12,028	414.53
สมุทรสาคร	4,208	0%	5,978	703.91
ประจวบคีรีขันธ์	4,192	0%	8,178	512.59
สุราษฎร์ธานี	2,229	0%	5,496	405.57
สมุทรสงคราม	1,852	0%	2,634	703.11
กระบี่	1,729	0%	5,313	325.43
ชุมพร	1,626	0%	3,957	410.92
พังงา	616	0%	1,961	314.13
ระนอง	216	0%	656	329.27
ภูเก็ต	35	0%	72	486.11
